Time stamp : 20190401-091505

################################################################################
# Logged in users
################################################################################
 09:15:05 up 19 days,  1:50,  0 users,  load average: 1.03, 0.48, 0.23
USER     TTY      FROM             LOGIN@   IDLE   JCPU   PCPU WHAT

################################################################################
# CPUset
################################################################################
Domain N:
	0,1,2,3,4,5,6,7,8,9,10,11,12,13,14,15,16,17,18,19,20,21,22,23,24,25,26,27,28,29,30,31,32,33,34,35,36,37,38,39,40,41,42,43,44,45,46,47,48,49,50,51,52,53,54,55,56,57,58,59,60,61,62,63,64,65,66,67,68,69,70,71,72,73,74,75,76,77,78,79,80,81,82,83,84,85,86,87,88,89,90,91,92,93,94,95,96,97,98,99,100,101,102,103,104,105,106,107,108,109,110,111,112,113,114,115,116,117,118,119,120,121,122,123,124,125,126,127,128,129,130,131,132,133,134,135,136,137,138,139,140,141,142,143,144,145,146,147,148,149,150,151,152,153,154,155,156,157,158,159,160,161,162,163,164,165,166,167,168,169,170,171,172,173,174,175

Domain S0:
	0,1,2,3,4,5,6,7,8,9,10,11,12,13,14,15,16,17,18,19,20,21,22,23,24,25,26,27,28,29,30,31,32,33,34,35,36,37,38,39,40,41,42,43,44,45,46,47,48,49,50,51,52,53,54,55,56,57,58,59,60,61,62,63,64,65,66,67,68,69,70,71,72,73,74,75,76,77,78,79,80,81,82,83,84,85,86,87

Domain S1:
	88,89,90,91,92,93,94,95,96,97,98,99,100,101,102,103,104,105,106,107,108,109,110,111,112,113,114,115,116,117,118,119,120,121,122,123,124,125,126,127,128,129,130,131,132,133,134,135,136,137,138,139,140,141,142,143,144,145,146,147,148,149,150,151,152,153,154,155,156,157,158,159,160,161,162,163,164,165,166,167,168,169,170,171,172,173,174,175

Domain C0:
	0,1,2,3,4,5,6,7

Domain C1:
	8,9,10,11,12,13,14,15

Domain C2:
	16,17,18,19,20,21,22,23

Domain C3:
	24,25,26,27,28,29,30,31

Domain C4:
	32,33,34,35,36,37,38,39

Domain C5:
	40,41,42,43,44,45,46,47

Domain C6:
	48,49,50,51,52,53,54,55

Domain C7:
	56,57,58,59,60,61,62,63

Domain C8:
	64,65,66,67,68,69,70,71

Domain C9:
	72,73,74,75,76,77,78,79

Domain C10:
	80,81,82,83,84,85,86,87

Domain C11:
	88,89,90,91,92,93,94,95

Domain C12:
	96,97,98,99,100,101,102,103

Domain C13:
	104,105,106,107,108,109,110,111

Domain C14:
	112,113,114,115,116,117,118,119

Domain C15:
	120,121,122,123,124,125,126,127

Domain C16:
	128,129,130,131,132,133,134,135

Domain C17:
	136,137,138,139,140,141,142,143

Domain C18:
	144,145,146,147,148,149,150,151

Domain C19:
	152,153,154,155,156,157,158,159

Domain C20:
	160,161,162,163,164,165,166,167

Domain C21:
	168,169,170,171,172,173,174,175

Domain M0:
	0,1,2,3,4,5,6,7,8,9,10,11,12,13,14,15,16,17,18,19,20,21,22,23,24,25,26,27,28,29,30,31,32,33,34,35,36,37,38,39,40,41,42,43,44,45,46,47,48,49,50,51,52,53,54,55,56,57,58,59,60,61,62,63,64,65,66,67,68,69,70,71,72,73,74,75,76,77,78,79,80,81,82,83,84,85,86,87,88,89,90,91,92,93,94,95,96,97,98,99,100,101,102,103,104,105,106,107,108,109,110,111,112,113,114,115,116,117,118,119,120,121,122,123,124,125,126,127,128,129,130,131,132,133,134,135,136,137,138,139,140,141,142,143,144,145,146,147,148,149,150,151,152,153,154,155,156,157,158,159,160,161,162,163,164,165,166,167,168,169,170,171,172,173,174,175


################################################################################
# CGroups
################################################################################
Allowed CPUs: 0-175
Allowed Memory controllers: 0,8,250-255

################################################################################
# Topology
################################################################################
--------------------------------------------------------------------------------
CPU name:	POWER9  altivec supported
CPU type:	POWER9 architecture
CPU stepping:	0
********************************************************************************
Hardware Thread Topology
********************************************************************************
Sockets:		2
Cores per socket:	22
Threads per core:	4
--------------------------------------------------------------------------------
HWThread	Thread		Core		Socket		Available
0		0		0		0		*
1		1		0		0		*
2		2		0		0		*
3		3		0		0		*
4		0		1		0		*
5		1		1		0		*
6		2		1		0		*
7		3		1		0		*
8		0		2		0		*
9		1		2		0		*
10		2		2		0		*
11		3		2		0		*
12		0		3		0		*
13		1		3		0		*
14		2		3		0		*
15		3		3		0		*
16		0		4		0		*
17		1		4		0		*
18		2		4		0		*
19		3		4		0		*
20		0		5		0		*
21		1		5		0		*
22		2		5		0		*
23		3		5		0		*
24		0		6		0		*
25		1		6		0		*
26		2		6		0		*
27		3		6		0		*
28		0		7		0		*
29		1		7		0		*
30		2		7		0		*
31		3		7		0		*
32		0		8		0		*
33		1		8		0		*
34		2		8		0		*
35		3		8		0		*
36		0		9		0		*
37		1		9		0		*
38		2		9		0		*
39		3		9		0		*
40		0		10		0		*
41		1		10		0		*
42		2		10		0		*
43		3		10		0		*
44		0		11		0		*
45		1		11		0		*
46		2		11		0		*
47		3		11		0		*
48		0		12		0		*
49		1		12		0		*
50		2		12		0		*
51		3		12		0		*
52		0		13		0		*
53		1		13		0		*
54		2		13		0		*
55		3		13		0		*
56		0		14		0		*
57		1		14		0		*
58		2		14		0		*
59		3		14		0		*
60		0		15		0		*
61		1		15		0		*
62		2		15		0		*
63		3		15		0		*
64		0		16		0		*
65		1		16		0		*
66		2		16		0		*
67		3		16		0		*
68		0		17		0		*
69		1		17		0		*
70		2		17		0		*
71		3		17		0		*
72		0		18		0		*
73		1		18		0		*
74		2		18		0		*
75		3		18		0		*
76		0		19		0		*
77		1		19		0		*
78		2		19		0		*
79		3		19		0		*
80		0		20		0		*
81		1		20		0		*
82		2		20		0		*
83		3		20		0		*
84		0		21		0		*
85		1		21		0		*
86		2		21		0		*
87		3		21		0		*
88		0		22		1		*
89		1		22		1		*
90		2		22		1		*
91		3		22		1		*
92		0		23		1		*
93		1		23		1		*
94		2		23		1		*
95		3		23		1		*
96		0		24		1		*
97		1		24		1		*
98		2		24		1		*
99		3		24		1		*
100		0		25		1		*
101		1		25		1		*
102		2		25		1		*
103		3		25		1		*
104		0		26		1		*
105		1		26		1		*
106		2		26		1		*
107		3		26		1		*
108		0		27		1		*
109		1		27		1		*
110		2		27		1		*
111		3		27		1		*
112		0		28		1		*
113		1		28		1		*
114		2		28		1		*
115		3		28		1		*
116		0		29		1		*
117		1		29		1		*
118		2		29		1		*
119		3		29		1		*
120		0		30		1		*
121		1		30		1		*
122		2		30		1		*
123		3		30		1		*
124		0		31		1		*
125		1		31		1		*
126		2		31		1		*
127		3		31		1		*
128		0		32		1		*
129		1		32		1		*
130		2		32		1		*
131		3		32		1		*
132		0		33		1		*
133		1		33		1		*
134		2		33		1		*
135		3		33		1		*
136		0		34		1		*
137		1		34		1		*
138		2		34		1		*
139		3		34		1		*
140		0		35		1		*
141		1		35		1		*
142		2		35		1		*
143		3		35		1		*
144		0		36		1		*
145		1		36		1		*
146		2		36		1		*
147		3		36		1		*
148		0		37		1		*
149		1		37		1		*
150		2		37		1		*
151		3		37		1		*
152		0		38		1		*
153		1		38		1		*
154		2		38		1		*
155		3		38		1		*
156		0		39		1		*
157		1		39		1		*
158		2		39		1		*
159		3		39		1		*
160		0		40		1		*
161		1		40		1		*
162		2		40		1		*
163		3		40		1		*
164		0		41		1		*
165		1		41		1		*
166		2		41		1		*
167		3		41		1		*
168		0		42		1		*
169		1		42		1		*
170		2		42		1		*
171		3		42		1		*
172		0		43		1		*
173		1		43		1		*
174		2		43		1		*
175		3		43		1		*
--------------------------------------------------------------------------------
Socket 0:		( 0 1 2 3 4 5 6 7 8 9 10 11 12 13 14 15 16 17 18 19 20 21 22 23 24 25 26 27 28 29 30 31 32 33 34 35 36 37 38 39 40 41 42 43 44 45 46 47 48 49 50 51 52 53 54 55 56 57 58 59 60 61 62 63 64 65 66 67 68 69 70 71 72 73 74 75 76 77 78 79 80 81 82 83 84 85 86 87 )
Socket 1:		( 88 89 90 91 92 93 94 95 96 97 98 99 100 101 102 103 104 105 106 107 108 109 110 111 112 113 114 115 116 117 118 119 120 121 122 123 124 125 126 127 128 129 130 131 132 133 134 135 136 137 138 139 140 141 142 143 144 145 146 147 148 149 150 151 152 153 154 155 156 157 158 159 160 161 162 163 164 165 166 167 168 169 170 171 172 173 174 175 )
--------------------------------------------------------------------------------
********************************************************************************
Cache Topology
********************************************************************************
Level:			1
Size:			32 kB
Cache groups:		( 0 1 2 3 ) ( 4 5 6 7 ) ( 8 9 10 11 ) ( 12 13 14 15 ) ( 16 17 18 19 ) ( 20 21 22 23 ) ( 24 25 26 27 ) ( 28 29 30 31 ) ( 32 33 34 35 ) ( 36 37 38 39 ) ( 40 41 42 43 ) ( 44 45 46 47 ) ( 48 49 50 51 ) ( 52 53 54 55 ) ( 56 57 58 59 ) ( 60 61 62 63 ) ( 64 65 66 67 ) ( 68 69 70 71 ) ( 72 73 74 75 ) ( 76 77 78 79 ) ( 80 81 82 83 ) ( 84 85 86 87 ) ( 88 89 90 91 ) ( 92 93 94 95 ) ( 96 97 98 99 ) ( 100 101 102 103 ) ( 104 105 106 107 ) ( 108 109 110 111 ) ( 112 113 114 115 ) ( 116 117 118 119 ) ( 120 121 122 123 ) ( 124 125 126 127 ) ( 128 129 130 131 ) ( 132 133 134 135 ) ( 136 137 138 139 ) ( 140 141 142 143 ) ( 144 145 146 147 ) ( 148 149 150 151 ) ( 152 153 154 155 ) ( 156 157 158 159 ) ( 160 161 162 163 ) ( 164 165 166 167 ) ( 168 169 170 171 ) ( 172 173 174 175 )
--------------------------------------------------------------------------------
Level:			2
Size:			512 kB
Cache groups:		( 0 1 2 3 4 5 6 7 ) ( 8 9 10 11 12 13 14 15 ) ( 16 17 18 19 20 21 22 23 ) ( 24 25 26 27 28 29 30 31 ) ( 32 33 34 35 36 37 38 39 ) ( 40 41 42 43 44 45 46 47 ) ( 48 49 50 51 52 53 54 55 ) ( 56 57 58 59 60 61 62 63 ) ( 64 65 66 67 68 69 70 71 ) ( 72 73 74 75 76 77 78 79 ) ( 80 81 82 83 84 85 86 87 ) ( 88 89 90 91 92 93 94 95 ) ( 96 97 98 99 100 101 102 103 ) ( 104 105 106 107 108 109 110 111 ) ( 112 113 114 115 116 117 118 119 ) ( 120 121 122 123 124 125 126 127 ) ( 128 129 130 131 132 133 134 135 ) ( 136 137 138 139 140 141 142 143 ) ( 144 145 146 147 148 149 150 151 ) ( 152 153 154 155 156 157 158 159 ) ( 160 161 162 163 164 165 166 167 ) ( 168 169 170 171 172 173 174 175 )
--------------------------------------------------------------------------------
Level:			3
Size:			10 MB
Cache groups:		( 0 1 2 3 4 5 6 7 ) ( 8 9 10 11 12 13 14 15 ) ( 16 17 18 19 20 21 22 23 ) ( 24 25 26 27 28 29 30 31 ) ( 32 33 34 35 36 37 38 39 ) ( 40 41 42 43 44 45 46 47 ) ( 48 49 50 51 52 53 54 55 ) ( 56 57 58 59 60 61 62 63 ) ( 64 65 66 67 68 69 70 71 ) ( 72 73 74 75 76 77 78 79 ) ( 80 81 82 83 84 85 86 87 ) ( 88 89 90 91 92 93 94 95 ) ( 96 97 98 99 100 101 102 103 ) ( 104 105 106 107 108 109 110 111 ) ( 112 113 114 115 116 117 118 119 ) ( 120 121 122 123 124 125 126 127 ) ( 128 129 130 131 132 133 134 135 ) ( 136 137 138 139 140 141 142 143 ) ( 144 145 146 147 148 149 150 151 ) ( 152 153 154 155 156 157 158 159 ) ( 160 161 162 163 164 165 166 167 ) ( 168 169 170 171 172 173 174 175 )
--------------------------------------------------------------------------------
********************************************************************************
NUMA Topology
********************************************************************************
NUMA domains:		1
--------------------------------------------------------------------------------
Domain:			0
Processors:		( 0 1 2 3 4 5 6 7 8 9 10 11 12 13 14 15 16 17 18 19 20 21 22 23 24 25 26 27 28 29 30 31 32 33 34 35 36 37 38 39 40 41 42 43 44 45 46 47 48 49 50 51 52 53 54 55 56 57 58 59 60 61 62 63 64 65 66 67 68 69 70 71 72 73 74 75 76 77 78 79 80 81 82 83 84 85 86 87 88 89 90 91 92 93 94 95 96 97 98 99 100 101 102 103 104 105 106 107 108 109 110 111 112 113 114 115 116 117 118 119 120 121 122 123 124 125 126 127 128 129 130 131 132 133 134 135 136 137 138 139 140 141 142 143 144 145 146 147 148 149 150 151 152 153 154 155 156 157 158 159 160 161 162 163 164 165 166 167 168 169 170 171 172 173 174 175 )
Distances:		10
Free memory:		123311 MB
Total memory:		126796 MB
--------------------------------------------------------------------------------
available: 8 nodes (0,8,250-255)
node 0 cpus: 0 1 2 3 4 5 6 7 8 9 10 11 12 13 14 15 16 17 18 19 20 21 22 23 24 25 26 27 28 29 30 31 32 33 34 35 36 37 38 39 40 41 42 43 44 45 46 47 48 49 50 51 52 53 54 55 56 57 58 59 60 61 62 63 64 65 66 67 68 69 70 71 72 73 74 75 76 77 78 79 80 81 82 83 84 85 86 87
node 0 size: 126796 MB
node 0 free: 123325 MB
node 8 cpus: 88 89 90 91 92 93 94 95 96 97 98 99 100 101 102 103 104 105 106 107 108 109 110 111 112 113 114 115 116 117 118 119 120 121 122 123 124 125 126 127 128 129 130 131 132 133 134 135 136 137 138 139 140 141 142 143 144 145 146 147 148 149 150 151 152 153 154 155 156 157 158 159 160 161 162 163 164 165 166 167 168 169 170 171 172 173 174 175
node 8 size: 130799 MB
node 8 free: 129281 MB
node 250 cpus:
node 250 size: 32256 MB
node 250 free: 32256 MB
node 251 cpus:
node 251 size: 32256 MB
node 251 free: 32256 MB
node 252 cpus:
node 252 size: 32256 MB
node 252 free: 32256 MB
node 253 cpus:
node 253 size: 32256 MB
node 253 free: 32255 MB
node 254 cpus:
node 254 size: 32256 MB
node 254 free: 32256 MB
node 255 cpus:
node 255 size: 32256 MB
node 255 free: 32255 MB
node distances:
node   0   8  250  251  252  253  254  255 
  0:  10  40  80  80  80  80  80  80 
  8:  40  10  80  80  80  80  80  80 
 250:  80  80  10  80  80  80  80  80 
 251:  80  80  80  10  80  80  80  80 
 252:  80  80  80  80  10  80  80  80 
 253:  80  80  80  80  80  10  80  80 
 254:  80  80  80  80  80  80  10  80 
 255:  80  80  80  80  80  80  80  10 

################################################################################
# Frequencies
################################################################################
likwid-setFrequencies not available

################################################################################
# Prefetchers
################################################################################
INFO: Manipulation of CPU features is only available on Intel platforms

################################################################################
# Load
################################################################################
1.03 0.48 0.23 1/1685 1448

################################################################################
# Performance energy bias
################################################################################
ERROR - [./src/power.c:power_init:159] Cannot get access to RAPL counters
The POWER9 architecture does not support reading power data

################################################################################
# NUMA balancing
################################################################################
Enabled: 1

################################################################################
# General memory info
################################################################################
MemTotal:       461959104 kB
MemFree:        456844608 kB
MemAvailable:   456173504 kB
Buffers:               0 kB
Cached:           459392 kB
SwapCached:            0 kB
Active:           480128 kB
Inactive:         231168 kB
Active(anon):     254400 kB
Inactive(anon):    35072 kB
Active(file):     225728 kB
Inactive(file):   196096 kB
Unevictable:           0 kB
Mlocked:               0 kB
SwapTotal:             0 kB
SwapFree:              0 kB
Dirty:               128 kB
Writeback:             0 kB
AnonPages:        252992 kB
Mapped:           130496 kB
Shmem:             36992 kB
Slab:            1747008 kB
SReclaimable:     212352 kB
SUnreclaim:      1534656 kB
KernelStack:       30208 kB
PageTables:        12288 kB
NFS_Unstable:          0 kB
Bounce:                0 kB
WritebackTmp:          0 kB
CommitLimit:    230979520 kB
Committed_AS:    1249728 kB
VmallocTotal:   549755813888 kB
VmallocUsed:           0 kB
VmallocChunk:          0 kB
HardwareCorrupted:     0 kB
AnonHugePages:         0 kB
ShmemHugePages:        0 kB
ShmemPmdMapped:        0 kB
CmaTotal:       13434880 kB
CmaFree:        13434880 kB
HugePages_Total:       0
HugePages_Free:        0
HugePages_Rsvd:        0
HugePages_Surp:        0
Hugepagesize:       2048 kB

################################################################################
# Transparent huge pages
################################################################################
Enabled: always [madvise] never
Use zero page: 1

################################################################################
# Hardware power limits
################################################################################
find: ‘/sys/devices/virtual/powercap’: No such file or directory

################################################################################
# Modules
################################################################################

Currently Loaded Modules:
  1) modenv/ml (S)

  Where:
   S:  Module is Sticky, requires --force to unload or purge

 


################################################################################
# Compiler
################################################################################
gcc (GCC) 4.8.5 20150623 (Red Hat 4.8.5-28)
Copyright (C) 2015 Free Software Foundation, Inc.
This is free software; see the source for copying conditions.  There is NO
warranty; not even for MERCHANTABILITY or FITNESS FOR A PARTICULAR PURPOSE.


################################################################################
# MPI
################################################################################
No MPI found

################################################################################
# Operating System
################################################################################
cat: /etc/lsb-release.d: Is a directory
NAME="Red Hat Enterprise Linux Server"
VERSION="7.5 (Maipo)"
ID="rhel"
ID_LIKE="fedora"
VARIANT="Server"
VARIANT_ID="server"
VERSION_ID="7.5"
PRETTY_NAME="Red Hat Enterprise Linux"
ANSI_COLOR="0;31"
CPE_NAME="cpe:/o:redhat:enterprise_linux:7.5:GA:server"
HOME_URL="https://www.redhat.com/"
BUG_REPORT_URL="https://bugzilla.redhat.com/"

REDHAT_BUGZILLA_PRODUCT="Red Hat Enterprise Linux 7"
REDHAT_BUGZILLA_PRODUCT_VERSION=7.5
REDHAT_SUPPORT_PRODUCT="Red Hat Enterprise Linux"
REDHAT_SUPPORT_PRODUCT_VERSION="7.5"
Red Hat Enterprise Linux Server release 7.5 (Maipo)
Red Hat Enterprise Linux Server release 7.5 (Maipo)
cpe:/o:redhat:enterprise_linux:7.5:ga:server

################################################################################
# Operating System Kernel
################################################################################
Linux taurusml3 4.14.0-49.13.1.el7a.ppc64le #1 SMP Mon Aug 27 07:37:11 EDT 2018 ppc64le ppc64le ppc64le GNU/Linux



################################################################################
# Nvidia GPUs
################################################################################
Mon Apr  1 09:15:07 2019       
+-----------------------------------------------------------------------------+
| NVIDIA-SMI 396.37                 Driver Version: 396.37                    |
|-------------------------------+----------------------+----------------------+
| GPU  Name        Persistence-M| Bus-Id        Disp.A | Volatile Uncorr. ECC |
| Fan  Temp  Perf  Pwr:Usage/Cap|         Memory-Usage | GPU-Util  Compute M. |
|===============================+======================+======================|
|   0  Tesla V100-SXM2...  On   | 00000004:04:00.0 Off |                    0 |
| N/A   47C    P0    42W / 300W |      0MiB / 32256MiB |      0%      Default |
+-------------------------------+----------------------+----------------------+
|   1  Tesla V100-SXM2...  On   | 00000004:05:00.0 Off |                    0 |
| N/A   47C    P0    43W / 300W |      0MiB / 32256MiB |      0%      Default |
+-------------------------------+----------------------+----------------------+
|   2  Tesla V100-SXM2...  On   | 00000004:06:00.0 Off |                    0 |
| N/A   46C    P0    44W / 300W |      0MiB / 32256MiB |      0%      Default |
+-------------------------------+----------------------+----------------------+
|   3  Tesla V100-SXM2...  On   | 00000035:03:00.0 Off |                    0 |
| N/A   47C    P0    43W / 300W |      0MiB / 32256MiB |      0%      Default |
+-------------------------------+----------------------+----------------------+
|   4  Tesla V100-SXM2...  On   | 00000035:04:00.0 Off |                    0 |
| N/A   47C    P0    46W / 300W |      0MiB / 32256MiB |      0%      Default |
+-------------------------------+----------------------+----------------------+
|   5  Tesla V100-SXM2...  On   | 00000035:05:00.0 Off |                    0 |
| N/A   47C    P0    42W / 300W |      0MiB / 32256MiB |      0%      Default |
+-------------------------------+----------------------+----------------------+
                                                                               
+-----------------------------------------------------------------------------+
| Processes:                                                       GPU Memory |
|  GPU       PID   Type   Process name                             Usage      |
|=============================================================================|
|  No running processes found                                                 |
+-----------------------------------------------------------------------------+
